0,273
0,270
3,1
3,3
10,108
10,179
10,208
10,72
10,290
10,2
9,7
9,4
9,6
8,18
8,7
8,11
8,2
8,3
76,3
76,2
76,1
76,0
73,5
73,4
73,3
73,2
73,1
73,0
70,4
70,3
70,2
70,1
70,0
69,3
69,2
69,1
69,0
27,3
27,2
27,1
20,3
20,2
20,1
19,3
19,2
19,1
12,3
12,2
12,1
11,30
11,29
11,28
11,27
11,26
11,25
11,24
11,23
11,22
11,21
11,20
11,19
11,18
11,17
11,16
11,15
11,14
11,13
11,12
11,11
11,10
11,9
11,8
11,7
11,6
11,5
11,4
11,3
11,2
11,1
10,313
10,309
10,306
10,305
10,303
10,302
10,301
10,298
10,297
10,294
10,291
10,288
10,282
10,281
10,279
10,278
10,277
10,274
10,273
10,270
10,269
10,268
10,267
10,263
10,253
10,251
10,250
10,247
10,243
10,234
10,228
10,216
10,211
10,202
10,193
10,182
10,180
10,174
10,173
10,168
10,163
